0.015013742878236758
0.015536727602427886
0.014800447524404237
0.01562029474682236
0.011737570182200785
0.013346399473912026
0.014302678158066517
0.01605941323827298
0.015557941559756427
0.013188643312996184
0.013907723029904256
0.0125194706225904
0.011213458157444678
0.00996185702763469
0.014912139218799747
0.011492495586897133
0.011899388739350258
0.015296090665947726
0.012191905404520198
0.01456509225348701
0.01203186172818671
0.015620069413766813
0.01242599920693252
0.015560544789192443
0.012616523777220334
