3.826865642134367E-4
2.5744471177379974E-4
9.19639402334926E-5
2.3902991117067022E-4
9.996083350416319E-5
1.5287142573994434E-4
2.2744996151236323E-4
1.4826302694349972E-4
2.0066523423807454E-4
3.5104449572050594E-4
4.639229502728806E-4
2.664565127806105E-4
3.0735690360471487E-4
9.360706349208456E-5
2.4268516557529758E-4
1.8980681843199225E-4
2.4429672313099217E-4
1.834621944645159E-4
3.253657361340925E-4
1.8043545666632184E-4
1.1825046041623757E-4
1.875411631814269E-4
2.2450812775034548E-4
3.2282249236602144E-4
4.602441040029483E-5
