2.02758549091965E-4
1.8752776225657098E-4
1.7484591375121006E-4
1.811188833683374E-4
1.6458084034762121E-4
1.6823408489203125E-4
1.7907387691021393E-4
1.778036561416737E-4
1.8023552632966003E-4
1.9929793951239738E-4
2.1273459264823606E-4
1.805581458075672E-4
1.8340532022704238E-4
1.490621314597454E-4
1.7442894527842703E-4
1.7255214878642654E-4
1.7475834453519002E-4
1.7446473882700258E-4
1.7946404312599353E-4
1.8189159728354323E-4
1.6046840791575538E-4
1.7084487114476954E-4
1.7282276379998406E-4
1.8573813364926311E-4
1.6454151884464895E-4
