0.005816660898450404
0.004721688326164787
0.0032305840175302345
0.0046570724498026
0.0030576565898212432
0.00372195841285414
0.004468234022097866
0.003755432113588822
0.004280288206933437
0.005561775517648271
0.006379560456777624
0.0048075683598765686
0.005032759854487932
0.003001023838301151
0.004518744303931285
0.0040205693398596065
0.004511645010432689
0.004095680702648927
0.005145090367513948
0.004189867876126683
0.0033811161636312015
0.003846425104341643
0.004455259061259899
0.004993462185827033
0.002594032502246183
