0.02672032793371637
0.021789269377036624
0.015005049962683037
0.02187099100104084
0.014415611748655133
0.017616836388778312
0.021152181050697716
0.017454685864372155
0.02041453168330931
0.02575738587759846
0.02927086111816979
0.02245420033959611
0.023181078454423965
0.014119145589906568
0.021397987603814506
0.018929751443622744
0.02112160157874321
0.019417527808892387
0.024090151954768046
0.020010222834408453
0.0165710418543058
0.01837495556317359
0.020927750724807126
0.023145966553643316
0.012391846966797626
