0.0077547287104194895
0.006724044434664678
0.006898927875216027
0.006915003271777381
0.006738829138106663
0.011522750163428519
0.0067096816573916085
0.0068267777579990585
0.006137716297735407
0.006907065353665254
0.007947171822819343
0.004940069149502957
0.007236306074135057
0.011213048152479123
0.00858464581313112
0.007912933103837116
0.008913484265741997
0.006536735266081187
0.006307008199454955
0.1776059088727593
0.008914718019783385
0.009294047453470324
0.00604671083234426
0.010108196869845959
0.006023669858869707
