5.545312850886375E-5
6.26284487833527E-5
2.33833922380926E-5
7.266130360236138E-5
4.566088879180328E-5
6.820078016220405E-5
6.312479291512742E-5
9.904738134647786E-5
6.472621143005695E-5
7.167394874265217E-5
5.8429511408865504E-5
7.209630262673917E-5
7.688397642688083E-5
5.948252340675323E-5
6.276651735208094E-5
4.5415387496045496E-5
7.043017586613185E-5
8.530563807788943E-5
4.8464852777383637E-5
4.535424165652924E-5
4.261198000925364E-5
5.379243338493503E-5
9.568750619052477E-5
6.384742905596696E-5
4.971883399333851E-5
