7.651121031994772E-5
7.354622834599769E-5
7.521420615888914E-5
7.591520453634269E-5
7.22612572970369E-5
7.45997976499226E-5
7.23582186494588E-5
7.697503774785344E-5
7.311186496217132E-5
7.765444608833305E-5
7.794313074934781E-5
7.935316131578523E-5
7.20888762508189E-5
7.797598614144855E-5
7.442459401000802E-5
8.990028247559339E-5
7.679590637827717E-5
7.209607626693325E-5
7.77012548653416E-5
0.001815507165939433
7.412787190904926E-5
8.187744387746929E-5
7.847366637130641E-5
7.674289239855495E-5
7.537313315185716E-5
