0.001521658662034879
0.0014748583262967022
0.0013753237488241014
0.001429292457655561
0.001415830896950606
0.001593142112809457
0.0014918147493593993
0.001382269944399878
0.0014606379670954787
0.001520978990591632
0.001497357495734969
0.0014509582432950421
0.0015156139586596294
0.0015251939946865148
0.0014743807773153295
0.001568392753305728
0.0015364262259667616
0.0015049217768468598
0.0014672363741946445
0.017227780433410157
0.0014751352072455365
0.0016138819503984715
0.0016130614986058366
0.0015673773929748976
0.001448446435421277
