0.004327843786208541
0.004326199959463484
0.0037331964712724597
0.003796328081639211
0.0039249256528107734
0.004324373781316115
0.004247673464329305
0.003717399339890237
0.003928479950977448
0.004231023332330497
0.004294594335969348
0.004134179986409303
0.004561278940542035
0.0039088772730808685
0.0038475041343012384
0.0042753015476768574
0.004378986122685169
0.004413976806966313
0.004262601320510151
0.010273388874358136
0.004494735634513525
0.004810711260469058
0.004713148614959528
0.004080871341092029
0.004039091444438703
