0.012214809775248692
0.014937669240363438
0.01274783402943025
0.011424497668244604
0.012691700171206396
0.01289073185186762
0.008754496520712578
0.011340070677936798
0.011689704593365713
0.013495917366735943
0.011285872481565762
0.01231844615123967
0.014484121556672669
0.014003524293158098
0.013603941651510132
0.012563037396522536
0.00935157683981902
0.00980625635723878
0.011594008892428453
0.01219892076200102
0.013117027103955903
0.014800568757732502
0.012180485704326394
0.012777611192770877
0.013308101446487086
