9.37140039896468E-5
1.6303285068076739E-4
1.8321873442657364E-4
1.1585794361148548E-4
8.786275458898592E-5
1.1164267873886704E-4
1.549172030345782E-4
8.044715220689983E-5
1.1524140255510133E-4
1.688472566542112E-4
6.422226306460967E-5
1.8247049666278537E-4
1.53902778928699E-4
1.0024357021129766E-4
1.0542476158946558E-4
1.6108433055594712E-4
1.1638308376867327E-4
1.0062587597218614E-4
1.1092474265633905E-4
1.8772212186843296E-4
1.7945173592506791E-4
1.7663093199747387E-4
8.531346162028674E-5
1.3808887640659497E-4
1.2120151962430721E-4
