1.1027571490842964E-4
1.1506034118252344E-4
1.0459978909809151E-4
1.0988756817404289E-4
1.2052754917989212E-4
1.0798983587210184E-4
1.0445148509552765E-4
1.0639135559345768E-4
1.0165969214565791E-4
1.1829296313637785E-4
1.0512278269378455E-4
1.090651984033031E-4
1.1057340169138182E-4
1.2874932328540395E-4
1.0889298688764201E-4
1.1572978010520303E-4
1.0402213243477068E-4
1.0314647738247981E-4
1.051832407809495E-4
1.1125872717429799E-4
1.1713364192245823E-4
1.1348331966980156E-4
1.0534205977600398E-4
1.1960158985529237E-4
1.088302052837467E-4
