0.0029189230778370982
0.0033799590309152934
0.0029426851182331537
0.003115604684272212
0.002995454332566326
0.003118094609375159
0.0028004994781719687
0.00287333904706284
0.0030698892831045807
0.0031599445082668197
0.0026573116832548376
0.003510675623352248
0.003216714259045193
0.0032086549427697833
0.003031473311092754
0.0032734837062366523
0.002721925114161102
0.0028080938705895694
0.003056540531628354
0.0031951726104704876
0.003641705353265621
0.0034537955809296416
0.0030204745724078906
0.0029643395295195305
0.003087779838255012
