0.016848775275180583
0.020241161425776033
0.01764515377358855
0.01803035393218
0.01780369137192339
0.018422195207745018
0.016317327621914512
0.017157547458355626
0.018052553938542104
0.018557117609230622
0.015526296440104947
0.02063515529697535
0.01896209347750777
0.018765915807857803
0.01781630784455257
0.01950437667497429
0.01595683330588271
0.01657401880636844
0.018326705070824456
0.01887360752466305
0.021145163510054465
0.020477622705418974
0.0178287342480119
0.017400298028364514
0.018115574280577307
