0.010944097389912366
0.0071984903366616865
0.005865847812396963
0.010354710921400279
0.18663349650348235
0.008111384852829806
0.18684976819690416
0.1776460729347403
0.0074239105568444375
0.013076786691965325
0.007483674343787161
0.005946727661635509
0.011155862383822157
0.007948808873558533
0.007650802974197485
0.008686134817410762
0.006611342298820266
0.008879297832635524
0.009933064134439618
0.00677899309323754
0.08923893514366563
0.012796016209951397
0.0073941737957590615
0.008491144842737018
0.009003340639059665
