5.381612887305886E-5
7.038474850911414E-5
5.747692894023733E-5
6.361906627992968E-5
0.0044198009545502745
5.4892745609534863E-5
0.004765523281661725
6.299749207550687E-5
5.8157976155160514E-5
6.484628644200908E-5
5.3938002474158395E-5
5.946324816042253E-5
4.466653862351683E-5
5.509741824094146E-5
4.779468339268214E-5
3.002520151092635E-5
7.373607368076426E-5
5.863324978351987E-5
5.070096054919053E-5
7.22877261303491E-5
0.0014187815018450475
5.127294051156519E-5
6.132375914232224E-5
8.544061079027091E-5
9.58827541260302E-5
