8.053979331068065E-5
7.694636135031335E-5
7.554804510619661E-5
9.260562638715482E-5
0.0016366140733932218
7.570527215985401E-5
0.0016344255873044825
0.0018125632564667902
7.710271450825449E-5
1.0451435875492325E-4
7.796473966145456E-5
8.469751545659367E-5
7.721343645413955E-5
8.024908667309781E-5
7.618822809830111E-5
8.040809287323385E-5
8.7264486474472E-5
7.883755693264667E-5
8.357739089615147E-5
8.185097099708109E-5
4.520766142426472E-4
8.089562702637036E-5
7.927665543104156E-5
8.256030728360048E-5
8.006920445658715E-5
