0.0015813894571071038
0.00155020822239062
0.0015101126648715485
0.0017065681069134819
0.019249617654873284
0.0014951547626426095
0.01936041098394142
0.01740802709058692
0.0014732513072642222
0.0018738004104731669
0.0015093202453031575
0.0015110177613710746
0.0015740054522691608
0.0016822125485129568
0.001517898440284181
0.0014437194806447352
0.0016317898083656774
0.0015491690212446295
0.001620161776847779
0.0015814214254809373
0.006167995163235937
0.0016550835842385882
0.001694350927827315
0.0016282965292522093
0.0017516623264678453
