0.004366134159231594
0.004599147972611739
0.004039147893901807
0.005027957039473896
0.08316106139465496
0.004276331915769482
0.08354305479082069
0.010823042550371142
0.004119313944106473
0.005376534441185243
0.004245536975627351
0.004218581968681301
0.004524214565306384
0.004936988551748622
0.004681707515841627
0.0037850711741712617
0.004484050776699666
0.00434687233730735
0.004519715974612648
0.004513667391334186
0.042651432561333635
0.004638710123908041
0.005056481373522437
0.004378360314441165
0.005536364189674736
