0.013437066568467104
0.013686766925478433
0.01488732305205731
0.012476701076181929
0.012126546529761861
0.011888943702840882
0.01341828305687151
0.013477884763158476
0.016432088332068162
0.018238612389063547
0.011608319217570773
0.01388533022416133
0.015756612556241834
0.015444582612569535
0.01394409487294801
0.012886120674797774
0.014717881977658193
0.014165015051021967
0.013773486631539988
0.013739360115863797
0.014126741158255407
0.011074404234198976
0.01642134856569144
0.011000057852588438
0.012067146627471326
