1.2584957932884153E-4
2.660982845176323E-4
1.9189727820713936E-4
1.1541122667716175E-4
2.1980775272920119E-4
2.368539746188379E-4
2.132326126336842E-4
2.2493504414304423E-4
3.0137096558106137E-4
1.3102150590292393E-4
1.4211968029192402E-4
1.1355143168833944E-4
1.771430111973673E-4
2.804755591762328E-4
2.065503823539374E-4
1.3537908810273784E-4
2.737251311333132E-4
2.2574739831880968E-4
2.9351447554105384E-4
1.0438357975969497E-4
3.6459011920404337E-4
1.63430771540414E-4
2.2061065974623786E-4
1.1577450972707109E-4
1.789998160538219E-4
