1.675759123834199E-4
1.746159326969905E-4
1.7361484880940256E-4
1.6168130635088262E-4
1.7076481879490545E-4
1.760590862141535E-4
1.7741841491800825E-4
1.7585027273716946E-4
1.8494309122695478E-4
1.7006846891046915E-4
1.587885112290654E-4
1.6676574133558906E-4
1.8117766860374716E-4
1.8312509988614655E-4
1.7520080229487626E-4
1.6543669034759518E-4
1.8813174854778064E-4
1.7076181565218022E-4
1.8693199556968647E-4
1.690184155643727E-4
1.9270643271931457E-4
1.6524616823829056E-4
1.7531478428911622E-4
1.5905107816952582E-4
1.6905479360889588E-4
