0.0034396055670120724
0.004509178002306821
0.004036474241140626
0.0033149764319292036
0.004251561373469106
0.004504326695412799
0.00431220800492662
0.00448186313101571
0.005073364399018746
0.003470406907456595
0.003615548762269134
0.0033683157893497086
0.004081828084804571
0.0048452044236953805
0.004240791112071523
0.0034191516198191526
0.004904989025182252
0.00436173422072989
0.005107316087824835
0.0032797014191966152
0.005632565887217101
0.0036841059936568396
0.004191007240773936
0.003225274714739916
0.003985744319455885
