0.016351476656930042
0.021667552410300606
0.018957555916055857
0.015867752091471732
0.01992624219203365
0.020986349595632503
0.02023789593588965
0.020858285636685236
0.023470992419236114
0.016710808946046263
0.017579174069718095
0.01583661855057794
0.01902795139303115
0.02253644062336524
0.02025412444581498
0.01578352204195721
0.022829265662317133
0.020313778524706838
0.02376338940076539
0.01614816379945616
0.02577146276332909
0.017250921470633007
0.019723391968533233
0.015242744060128932
0.01889427863529569
