0.010834863636550507
0.01255916071245644
0.01690750517687724
0.016502660633825966
0.016214348001029666
0.009894127011789017
0.016227804640675414
0.01829599581553376
0.01755906168090615
0.0123131668235415
0.011398911628463598
0.01539572536429265
0.013112271474482684
0.009968730564199446
0.013790278596546135
0.011276851634289764
0.010992246622616532
0.013299309021970851
0.013144080063174524
0.017660878253945023
0.011556037274180808
0.014473389687601701
0.014954712046510915
0.012154522040044385
0.016319068456057073
