1.4618744597191878E-4
1.5754731131644624E-4
1.2730618628548085E-4
1.4830803012583473E-4
1.0576625216963839E-4
1.6569990435469833E-4
8.944327495199996E-5
1.6552533148025413E-4
1.416435010388389E-4
1.0222051524223072E-4
1.8366290317771176E-4
6.595470097019882E-5
1.237493555514142E-4
2.1852415213757158E-4
1.0665950009817446E-4
1.8567894550818796E-4
1.2237044893556438E-4
8.721078565778532E-5
1.9737499931884469E-4
1.0724287967248128E-4
1.6051730030924443E-4
2.522442205490884E-4
1.5364902035336743E-4
1.372840053323087E-4
1.3546631161743367E-4
