1.0159669172997032E-4
1.0258734515762294E-4
1.1254459873470029E-4
1.0621961722038259E-4
1.0887423538925997E-4
9.840199293728976E-5
1.0845200846598384E-4
1.0844823899349762E-4
1.0941225808064762E-4
9.990199075035366E-5
1.0682495972027311E-4
1.0566333592224204E-4
9.969552012971637E-5
9.55712511555807E-5
9.652321386213947E-5
9.745828178591291E-5
9.500675611023809E-5
1.0344609109300801E-4
1.022709943203259E-4
1.0814196175997923E-4
9.7132519348885E-5
1.0381675863950032E-4
1.0537124045556626E-4
9.98770076842978E-5
9.752342441883818E-5
