0.00313301303650194
0.003329690612007737
0.003249545157607277
0.0034086534206409455
0.003041000455871795
0.0028065288902127334
0.0032380968750926812
0.003280516840023929
0.003177000955778682
0.0030986044448326304
0.0031051040149505525
0.003007159307894486
0.0031335431822211196
0.003025685790929048
0.0029278277134424466
0.003122904357162785
0.002816165448549669
0.003039253372993527
0.0034176562358964454
0.0031982248240321545
0.0029970155850534345
0.003355847788405667
0.003321256534411179
0.0030025516769515625
0.0031129054079462397
