0.009243752962129315
0.009716890959273972
0.009725673972707516
0.01002939224566135
0.009026094286196606
0.00832437942216846
0.0095974975271087
0.009736188455053307
0.009325594850347563
0.009129551371746092
0.009007966450658267
0.008941871227459819
0.009213031117891957
0.009001067149496444
0.008778693171780039
0.00929596849863279
0.008338186730878383
0.009194322342370054
0.010230304435921433
0.009433153321251386
0.0088937171968817
0.010032961917557537
0.009787673903390859
0.008809388116455152
0.009263544742344587
