9.42651362492182E-5
1.439265933333753E-4
2.191304183606028E-4
2.459896059479187E-4
1.6690099341153908E-4
1.1800116438859116E-4
1.892542434239304E-4
1.9999828104593333E-4
9.408621076927242E-5
2.549173219043703E-4
4.689478565879571E-4
1.5908174864285337E-4
0.01176851790693652
6.421942447226032E-5
1.242675970621223E-4
2.474603318492968E-4
1.3383687113960557E-4
9.565004609020933E-5
0.012194602210781356
3.663056238894897E-5
3.2281122848423706E-4
2.497762275540307E-4
1.257598452181701E-4
1.280381574077068E-4
1.085912751698784E-4
