0.006210714594673369
0.006221055690684109
0.005867082501318997
0.0015148340220991472
0.005714243194908128
0.0035244709688323117
0.004658094538251646
0.0023557727762294014
0.0014749996801468386
0.003124592421290973
0.003423964757989297
0.005853803356939922
0.009401477454865826
0.005259988856371544
0.005998630428167086
0.005037062040608415
0.0015699607450938024
0.004241983045743642
0.005964802446013646
1.6445132749216972E-4
0.0018395907242215444
0.0066199959004437595
0.006250415823005531
0.0016379352903781012
0.00736125052760861
