0.060544991172132266
0.06126370223441916
0.05686456301547886
0.011789324654863835
0.05301493304081553
0.02809827110974208
0.04133008555071952
0.017798132863273548
0.010098621038942136
0.02522103673813624
0.030000347363677297
0.056151917552892276
0.21283409258780597
0.047444547386040835
0.05806451350085874
0.046358999676255015
0.011076994675038164
0.03554188674742437
0.15755923984162248
0.0027379094921032316
0.01461838695962911
0.0680610935296897
0.06116040082552821
0.011598406749218108
0.07828638021713447
