0.13881007105516152
0.14043078119710628
0.13090905321360635
0.028432010289475174
0.12189726650771826
0.06538406946466335
0.09602310614078369
0.041701153343650654
0.02415798248651746
0.05879117129159961
0.07009916256335169
0.12923904437348266
0.43881369579246066
0.10953913681775895
0.13334633739299817
0.10751588137984125
0.026568257940572493
0.0826287846202074
0.33476566213639125
0.008062515405582116
0.03489056341966057
0.1554230506080161
0.1401089041321556
0.027837780223711417
0.1771529997325062
