0.01259297980106397
0.030863371935486297
0.010109846291384375
0.10512035875467703
0.026670630890630043
0.012335279030823022
0.03249451827347449
0.004115946436220078
0.0296387741719754
4.465399261221926E-4
0.0024978964417106593
0.11901420859771104
0.043806886255930474
0.01199235412929007
0.12035156345814595
0.01226949196833329
0.04253382368015
1.4223119254189404E-4
1.973276776281984E-5
0.012939568057283355
0.012888565084187783
0.03942100633155878
2.7758399192573244E-4
1.1787656586821991E-4
0.016064539346116805
