0.01682087370798264
0.01470118743577275
0.012828565241693065
0.023630781912249058
0.019348413478736653
0.01310937872106333
0.011370592171655255
0.010811315119247438
0.02220613270988192
0.01513431446503944
0.012421403009659012
0.035651283938828014
0.022654990492920163
0.008842605141841202
0.044330335547921346
0.003698746168427331
0.011231242354936458
0.007420294921394405
0.008753037567150448
0.004560931786039796
0.015520803442307546
0.02011638940911117
0.00635468537851856
0.010736356604284621
0.008344969789758126
