0.052333384738949815
0.011439967453238942
0.052832078801390174
0.011308765438182378
0.013914855536267645
0.01438778119996223
0.012830884558789113
0.011905136181312392
0.016552489946601967
0.014842776018039294
0.015555126665314611
0.06076023944403511
0.012906347699350784
0.012040861328523972
0.017428086075280513
0.012462797816310767
0.013776886875756567
0.07493030277446307
0.021192519881412242
0.01118885654553703
0.11531536472607239
0.01618150702211646
0.023780503732975536
0.015318679930913792
0.012750692679608544
