1.1010265413779293E-4
1.4525520856310697E-4
1.4644154716647912E-4
1.759389449581193E-4
2.0371039159409955E-4
2.003937753056773E-4
1.7861784397232524E-4
2.398678713803523E-4
1.4099727522159738E-4
1.9518909575445996E-4
1.3843536147939222E-4
1.6560797906817982E-4
1.9308618223961275E-4
2.1684349534193504E-4
1.346522300437217E-4
1.7321676668810473E-4
1.6838040451062675E-4
1.329668285913169E-4
1.949898015276676E-4
1.4057667576116806E-4
9.604840894058227E-5
1.1993959653154574E-4
3.2062967913890495E-4
1.6981140370808334E-4
1.8061093330680464E-4
