3.24991884815473E-4
1.0606743811881611E-4
3.2511630108803983E-4
1.0153282563612108E-4
1.1375367156191738E-4
1.1096320668440668E-4
1.0484744177887708E-4
1.0148566273785633E-4
1.0316685645369917E-4
1.039623258010233E-4
1.0917254611420104E-4
4.0286021076852254E-4
1.0283523797710474E-4
1.069725274133661E-4
1.1586034805304937E-4
1.0736772693820823E-4
1.1024164234509852E-4
5.416883226650557E-4
1.1771248715828954E-4
1.0397685018850484E-4
9.934416665543044E-4
1.0588766818037466E-4
1.4295592593995926E-4
1.0755141822098607E-4
1.0486380683152327E-4
