0.004696222883619986
0.003501957965469758
0.005011543165602267
0.0035931013546781215
0.0037804342532646736
0.0039567282032351835
0.0036886302249396594
0.0037760171190116985
0.003521110837242596
0.003953808583725375
0.0035101462562863285
0.005428144984695594
0.0034476905090124093
0.003504430731029749
0.003417207382345719
0.003553206699880438
0.003654516048967727
0.006698599813161557
0.003818965081730769
0.0032817946052228664
0.011697761278387831
0.003395876856017689
0.004971738101481992
0.0037100598701009092
0.0036606842273057155
