0.01192366728787908
0.010396704861381334
0.012732275443549157
0.010490571477995592
0.011095837954938403
0.01168177623475175
0.01094277082906081
0.01104018712999666
0.010512680158564991
0.0116350007358057
0.010389916902902363
0.01355461103233746
0.010316948223593303
0.010269337858592409
0.010265597655826353
0.010437609850411977
0.01076318982519242
0.01607800426083561
0.01117818523932601
0.009799097569480275
0.025897486886670484
0.009985971886811162
0.014102198584793446
0.010915979416548871
0.010690863919461724
