0.014821539932070804
0.01402262070073057
0.015290292498569502
0.012984954481337185
0.0147160872328429
0.009405260464025789
0.011071163006444507
0.009229696762664663
0.011609841108337238
0.01330165240490222
0.012188995411802517
0.014322409221262156
0.013119174748230433
0.012979259382465747
0.015536402977807395
0.013405032091982183
0.013689442873996205
0.013873230057969477
0.013453964340042868
0.011046825383861592
0.012720532794399053
0.011989946555187037
0.011727001364000733
0.009878690781513322
0.013146220107444151
