9.475596257842518E-5
1.2911358684873205E-4
1.1529090306723216E-4
8.254332175346633E-5
9.831670378136711E-5
8.011261084515863E-5
1.1718095884825165E-4
1.0043156355928222E-4
7.360099988068523E-5
9.269280976741936E-5
8.676077063439643E-5
7.725712812000634E-5
1.0584175225790436E-4
1.352748691370978E-4
9.18115242654213E-5
1.3544887635181767E-4
1.583847172041822E-4
1.226346390274475E-4
1.1080836955673017E-4
1.1267686989818403E-4
9.861797068698284E-5
1.2481844420371172E-4
8.833190570524674E-5
9.96801527967736E-5
8.492568815181443E-5
