1.1628073407901663E-4
1.0214129448169249E-4
1.1153557734444799E-4
1.0662584961909975E-4
1.0670476170077685E-4
1.0311672764887837E-4
9.96889445556007E-5
1.018852117735471E-4
1.0549553919228604E-4
1.0953357219413006E-4
1.0250875333514782E-4
1.0299708320677955E-4
1.038163411359678E-4
1.1023507485701546E-4
1.1321780160151888E-4
1.0316244733204529E-4
1.0642659310554935E-4
1.1423876234992269E-4
1.0851210127696316E-4
1.0334605140709929E-4
1.0512252083332875E-4
1.0217113653514823E-4
1.0743560803670266E-4
1.0390411605003228E-4
1.0626565824614521E-4
