0.0033657089461099046
0.0033747949033885016
0.003224123410345049
0.0030457428015709894
0.0032536745881768816
0.002937254836507589
0.0031067104932613653
0.003047389673572722
0.003077725002275092
0.0032276017026171473
0.002991388820323734
0.0029848760683059716
0.003080530366321101
0.00329320162192265
0.0030423105191423254
0.0031760662869547373
0.0031759983897281263
0.003372681812940266
0.003422775746250383
0.0032511020956543808
0.003166977911192304
0.0031693125510314844
0.0032952922918169864
0.003034330211632156
0.0031329682568741932
