0.020117041686929293
0.01982888100187219
0.01902902648043625
0.017894467498370537
0.019054475551194217
0.01712198089606143
0.01821735832486071
0.017555828598272982
0.01818277261300849
0.018937659696205866
0.01767260941494564
0.017607941814749783
0.018393795781061373
0.019154169931312026
0.01825297031108486
0.018724630007494025
0.01857529788186496
0.01961170295394854
0.019910602453389825
0.018971524511154803
0.018974289919692078
0.018786691079445417
0.019306473158770876
0.01784829725685322
0.018207340548158535
