0.01909154203565836
0.013507602863401025
0.014020564697011462
0.011709237897921498
0.012192455781940947
0.011125587792086694
0.011525231246547807
0.017265150359908443
0.01171069686998881
0.013627256919312603
0.011732226221802478
0.011462460583867073
0.019855123278168733
0.014351942685749297
0.011861891206306582
0.011060393745281172
0.014967401788369528
0.013098139447393423
0.014108611719637842
0.010067063146307453
0.011752964908409352
0.014761810938085707
0.013262124576264078
0.015301800740979088
0.01654567116049359
