8.037423807860365E-5
1.3895202609039516E-4
6.201261176601987E-5
1.3906050913533457E-4
8.744806090918898E-5
8.395782609367895E-5
1.4716474267340536E-4
1.2353424281736185E-4
9.78944465346231E-5
1.4437007279634792E-4
9.653838814852999E-5
1.5361567245498228E-4
1.0375340744902448E-4
9.418802789140545E-5
7.139957893387046E-5
8.144776996421224E-5
1.2189950104523204E-4
1.2151203208866571E-4
1.8154694399324177E-4
9.571591688766243E-5
1.508633694117557E-4
9.24400824033386E-5
1.0853303819919458E-4
1.1939283953709838E-4
1.0553375480838574E-4
