1.1548228168069632E-4
9.840318587817128E-5
9.906736745180925E-5
1.0704551719930453E-4
9.84222984374733E-5
9.430517463650958E-5
9.297892581692438E-5
1.0522002831611372E-4
1.0154399271250878E-4
1.004729878003116E-4
9.68101004929444E-5
1.0530133207404482E-4
1.1501214002097094E-4
9.950728869254695E-5
9.781733533451747E-5
9.664302023827884E-5
9.462440580637774E-5
9.47894525341707E-5
1.0073322763420875E-4
9.314074987262156E-5
9.666096290432481E-5
9.997344836738487E-5
1.0069227167528133E-4
9.98390794402624E-5
1.1369264948735141E-4
