0.0032374007249162126
0.003088758318051986
0.002951990375099399
0.003238243034998986
0.002895110831680256
0.003016034666636436
0.0029649931029457127
0.003266693354195376
0.0029525661471369222
0.003282311267069915
0.0029772117773466836
0.0032736506875725713
0.0033755446547365973
0.00295020108771415
0.00287329648352161
0.002933151028108811
0.002855307060987594
0.0028825777402293317
0.0032853116995304114
0.0029485544488204265
0.0030390929987318045
0.0030795092339090005
0.0030135519633550075
0.0030442041363203435
0.0031412668985333777
