0.009518457565474092
0.009222220520871405
0.008715648881954752
0.009553420416901881
0.008579984120266615
0.009007840546797374
0.008841889549004223
0.009768136327329535
0.008899348000163343
0.00965074832553603
0.008868077288472276
0.009686523341611908
0.010016862843985064
0.008746443616519328
0.008442609459777373
0.008770381848083653
0.008554842542367602
0.008656049878349337
0.009650117254111024
0.008771445948065892
0.009051676571589673
0.0091154791294763
0.008920502445666223
0.00894081576643313
0.009458576341080271
