0.0067684978639697135
0.007146860067843486
0.006572566040356956
0.007081052465391813
0.006082270366301268
0.007375050301345443
0.0060494843999803205
0.005601431639527421
0.007138299077946331
0.007492996263271767
0.01062299888906626
0.008337883620031739
0.005903301704583308
0.008680886218612738
0.009418088395765079
0.006137673996920723
0.008145266305059295
0.009128652838410745
0.006563466732036727
0.007407864509729634
0.007579626666809336
0.005988385579565464
0.007137892130124834
0.006070728618045543
0.005934368666170697
