6.736955552697117E-5
5.8732618395648226E-5
7.433658250468392E-5
5.6567975348130036E-5
1.3104177883224222E-4
5.066966257044227E-5
6.31997151214802E-5
6.293828866399607E-5
2.0960588894197003E-4
6.482622310670847E-5
5.343385708377168E-5
7.892645885363312E-5
5.3202504261178776E-5
7.67557718870383E-5
6.803980940578972E-5
1.2030220402662707E-4
5.3143546736586115E-5
3.095329425651291E-4
9.404591575624789E-5
1.5184515238401115E-4
9.479615428496523E-5
4.84369415117155E-5
1.0125526025214895E-4
8.350736797376978E-5
5.536361533424676E-5
