7.743770373633853E-5
7.917187216362244E-5
7.405906958727777E-5
7.231130134277191E-5
7.48023923401077E-5
6.960410796562202E-5
7.325237610697747E-5
7.737016495060992E-5
8.121666945118568E-5
7.427515686706097E-5
7.343908799297341E-5
7.4525478531432E-5
7.306471335472874E-5
7.935190359032453E-5
7.52375571504297E-5
7.821053040958915E-5
7.325172701566393E-5
7.996342735517647E-5
7.30416910788192E-5
7.122359283004537E-5
7.531083287166978E-5
7.34362695134519E-5
7.172839888301213E-5
7.630813693556628E-5
7.053399008108492E-5
