0.0015706746223229826
0.0014966980336414697
0.0015885982069840966
0.0014565466806365811
0.0015388879261977895
0.0013968653506530391
0.001534436546869512
0.001474765696742583
0.0015337631500080115
0.0015721540452669947
0.0015792547688646052
0.0016202572618378012
0.001468100867079429
0.001659808664752644
0.001505918125536342
0.001514941644898953
0.0015297836169333838
0.0016081193347410499
0.0015677416414883864
0.0013943484465610255
0.0015910825304381315
0.0014143840379996938
0.0015593484511074592
0.0014861048188811036
0.0014082010880112818
