0.004474508165405178
0.004592693021998162
0.0050579932584974285
0.004538702316982612
0.004666759825430855
0.004242341087030144
0.004604802221033211
0.00445589796392476
0.004506562927127256
0.005171866637497025
0.005003665876526675
0.005300149329037551
0.0045939927029193806
0.004962283809886503
0.004352139111700182
0.004427599098070112
0.004956083039125314
0.005022001150568833
0.00477743515390705
0.004177485624521915
0.0049674633822713865
0.0044804859403044794
0.004443300430904018
0.004325056164239394
0.004541369629259662
