0.010178237854062466
0.012300879370316098
0.011191747001919772
0.010230904045587866
0.014034944654423842
0.010059532768756374
0.013558061371597624
0.015034928008860082
0.010866755591844857
0.010713046167914908
0.013755289046967212
0.015629510564259874
0.012373159907152154
0.012384526146714925
0.012812168458153583
0.014560279894144768
0.012220344821126994
0.015114393207248444
0.012584869535030463
0.011663795999962479
0.01594047044902644
0.011425049374128762
0.0159657188959752
0.010584480152180546
0.010876540301651971
