1.5076965122458086E-4
1.8590062678684578E-4
1.300046058163286E-4
1.4832201168258754E-4
2.0637852919422404E-4
1.4170914011968447E-4
1.5387754618527926E-4
2.045197149877758E-4
9.985509357934359E-5
1.0801510568693651E-4
1.1260921557544396E-4
1.0209842696502402E-4
2.886807564533876E-4
1.3406310259336972E-4
1.8186057725831577E-4
1.6254854674642783E-4
1.4682308891281177E-4
1.5929045011921791E-4
9.877254703229329E-5
1.1230471738955117E-4
1.4549665413741525E-4
1.2763258366739735E-4
1.6223724858015635E-4
1.2712026472818118E-4
7.665700789728314E-5
