9.752822455367178E-5
1.0099263085789638E-4
9.699163150401722E-5
9.883210707381111E-5
1.0923485766950794E-4
9.925561010596191E-5
1.0216749298455487E-4
1.0811203572185834E-4
9.491513902755566E-5
9.761890521417204E-5
1.0296347159183944E-4
1.1015079494998566E-4
1.01394633214629E-4
9.685452722998664E-5
9.98950786428427E-5
1.0876572987837933E-4
9.897124846021414E-5
1.0168083272089245E-4
1.0259526976304788E-4
1.0306580623415282E-4
1.034256409439876E-4
9.764842272571661E-5
1.0273023735602436E-4
9.529757499408635E-5
9.7826026934846E-5
