0.0031043024561703656
0.003189954222648244
0.0031445870635475105
0.003023133450221567
0.0032865092723826108
0.0031653925368909696
0.0031948427663280217
0.003554244967712296
0.002987345612314442
0.003090464126805816
0.0030698821101134434
0.003078800013118966
0.003150653497480906
0.002974391575860991
0.003409122925550628
0.0032843171391110054
0.0030728650887492876
0.003336371121149983
0.003023755837474371
0.00306217736477844
0.0032415983352875872
0.0029939418835162133
0.003453589603469672
0.0028705393473912643
0.002867767228942176
