0.009148091799938585
0.009327376336690008
0.009271182095738961
0.008858545203935253
0.009778630811418387
0.00917394839657315
0.00941623064091468
0.010445950604953902
0.008937239654612572
0.009234588647507036
0.009096658618246156
0.009050669119718413
0.009357316202977084
0.008854155620039994
0.009970156831903165
0.009670161161417057
0.00909428053758865
0.009887576435361978
0.009024067044385409
0.009093835943023598
0.009618869925920093
0.008756788145676264
0.010129046548708276
0.00846806250936627
0.008489472720287883
