0.01331749798634008
0.018360081387298832
0.012224552952241563
0.011570287307816507
0.014447974961365184
0.015280689990119667
0.01652821510453717
0.013382128018207928
0.015116034280819868
0.012540973041324621
0.013450263379907734
0.01156249966877232
0.013113191204827679
0.013811732459965809
0.0125271303424912
0.010902640480307646
0.01433196547422877
0.012724403914481708
0.017323722614447812
0.015340905966188756
0.011318997115600193
0.014854709248847575
0.011410526027602619
0.011819598627626604
0.016190127296264678
