4.2277397303877346E-4
5.885549220661531E-4
1.8350386493843523E-4
2.5669324942564935E-4
2.8201317206448285E-4
8.314810301226014E-5
2.660643350199888E-4
1.709828486049083E-4
2.2345768297207718E-4
2.6198640217538796E-4
1.7289037614626144E-4
2.4217617044276698E-4
3.0596388553514936E-4
1.5939341633623483E-4
2.441525317661379E-4
1.5412947823389164E-4
4.374856387643349E-4
1.5084742791462158E-4
1.7537974368582327E-4
1.8786935290680766E-4
1.0227054721841154E-4
1.5693706824736144E-4
1.3234919471449914E-4
2.5381651732197397E-4
2.8877858711945977E-4
