2.1013119633231058E-4
2.517496734625135E-4
1.6396710927935398E-4
1.759116782158925E-4
1.9047568490952074E-4
1.7125580961053756E-4
1.886064895171132E-4
1.7649447195502407E-4
1.81673561056778E-4
1.796787620719216E-4
1.6147631808175714E-4
1.7244946117956099E-4
1.907820965374786E-4
1.8070185810026748E-4
1.7803001936778383E-4
1.6095809999996363E-4
2.1396383911469644E-4
1.7405892957124408E-4
1.879413303487453E-4
1.7917266398138884E-4
1.5921881380213943E-4
1.7434970265746796E-4
1.721269912118204E-4
1.7417849576675058E-4
1.8819529025140052E-4
