0.006243208904953616
0.00782227782537043
0.0038700698680752014
0.004466783950712678
0.0049066170573222375
0.003043067732293926
0.004932883180964573
0.003972709581037985
0.004583058280356707
0.004674085617975827
0.003719895329911798
0.004419140465889804
0.005240498891535895
0.003961151369011012
0.004683598266150421
0.0037369380777737536
0.006375970764946499
0.0036546381006421253
0.0040320763838491815
0.004242646224297232
0.003127573865309245
0.003709124727773508
0.0033527101909900992
0.004485242052043522
0.0049144943155425185
