0.02880580787258802
0.035481856904666875
0.018407309607526123
0.02126803698454216
0.02233325323307278
0.014006177693025257
0.02344059279016364
0.01879613766729027
0.02160395643813784
0.021455364432283353
0.01752565664257777
0.02041719133280906
0.0242491406502513
0.0183734040897644
0.02169150580233381
0.01783179395944856
0.029054575419317885
0.017098394004779194
0.01912706789583951
0.020256654358381643
0.015050085675779812
0.017889428244135197
0.015410927659465612
0.021047169481115957
0.023136858039659924
