0.018038345866523697
0.01351139301430726
0.009759074668513557
0.014909217985557222
0.013536911164373389
0.0108823129732043
0.011489310943024855
0.0125495026549588
0.01172124850641093
0.014881882567324811
0.6126697891849125
0.014133771376575788
0.49923543937546144
0.01512487832239362
0.2837171314043144
0.013840250029373391
0.011798028155623363
0.014769822062011384
0.2075199261762672
0.013462669054410403
0.3917710216419576
0.011854605032334042
0.011796417667933157
0.010718878879754201
0.01265798810977048
