2.3405931462343758E-4
8.061994275375788E-5
1.3223275857758655E-4
1.6501806040870737E-4
1.2721936664842793E-4
1.877480593688392E-4
2.0365062727279132E-4
1.233181196870291E-4
1.6630545027668798E-4
1.6392643800914832E-4
7.216613532698017E-5
6.947972079223418E-5
4.5699376035963826E-5
1.716146175952889E-4
9.105578157644983E-5
1.7636181466587655E-4
1.8079890184776763E-4
1.5166283613358232E-4
1.0762860522731165E-4
2.153000738691963E-4
1.55468733933434E-4
1.7459762843233576E-4
1.890314374868509E-4
1.9994467985181408E-4
1.433267697660431E-4
