1.1430360053173014E-4
1.1078273599814864E-4
1.0857110137301114E-4
1.1453359114177825E-4
1.0946772133836586E-4
1.1293019862108089E-4
1.070688898880902E-4
1.0919947887933359E-4
1.0903557738061611E-4
1.1481044154659759E-4
0.005302905310498081
1.098640309611897E-4
0.0038281791310094708
1.1472385949351232E-4
0.001574982768531
1.178660573786567E-4
1.0623370216405369E-4
1.1277359036694268E-4
9.999789301004855E-4
1.1534210815654253E-4
0.002616166552475978
1.0741926163706313E-4
1.1267614276382525E-4
1.0895222993043948E-4
1.1014174760299527E-4
