0.0034358038936945735
0.0030998287298927697
0.003248955042799781
0.003540289896539831
0.0031976913630377083
0.003300154113080321
0.0031962854833990245
0.0032335925426742983
0.0036169825638425316
0.0037714160298101206
0.14203786415998648
0.003071948467003436
0.09709869947208379
0.0036306834725382247
0.03151211149588779
0.0035997033142761807
0.0032577287906713943
0.0035200211226518573
0.01797584083414908
0.003303549530876535
0.058106143647559255
0.0031947505747964263
0.0034084322388043286
0.0035320552535652123
0.00318618444430518
