0.02037690091862787
0.018277632593666326
0.018780363476586848
0.02050676316876665
0.01850648038098046
0.019037800421019102
0.018957805550248175
0.019274844022217352
0.02110195917199198
0.021966476046615058
0.32384967031186285
0.01832899168359614
0.23000388556420015
0.021576714072888192
0.07352845395896679
0.02119381118204733
0.01910897683933821
0.02112082046900221
0.04508794045340314
0.01977011312173127
0.1314889315110691
0.018823504098168353
0.020106775582121483
0.020475990476737316
0.01873608835866214
