0.01380656006101999
0.014118355906932112
0.011749429737289208
0.01931020826535787
0.009802034091023315
0.015597118038474411
0.00997177099023272
0.013136522778966764
0.020124410682556104
0.01756316047308465
0.015066618895347217
0.011360552654541417
0.014098855306067415
0.011085709634196202
0.015063828037320565
0.014777217618945099
0.011368962117016101
0.01418280066526914
0.014483819303796053
0.012077410670920496
0.01679385284771967
0.011497440573983553
0.021069380306865115
0.015028287914783167
0.013055850323478002
