8.657961354411788E-5
1.872443337634883E-4
2.0480363603381894E-4
3.713853629180531E-4
7.086821299883424E-5
7.844443445539896E-4
7.26211736765362E-5
1.0140434013835729E-4
6.209106035430146E-4
8.673557656130198E-4
4.635808145447833E-4
1.1106772742493088E-4
4.824460313754716E-4
1.3418874253737182E-4
6.3408540641889E-4
5.438782763523132E-4
1.0545601759277624E-4
4.739608720757905E-4
5.793145434978423E-4
1.6827759661156458E-4
6.731265524166718E-4
2.4505761300735735E-4
2.556757676528549E-4
1.3544339845788202E-4
3.040376541289561E-4
