1.707237002470526E-4
1.7335264917116256E-4
1.722707647436013E-4
2.0146524365686414E-4
1.4566664524768587E-4
2.763759910844798E-4
1.577103360747154E-4
1.5664283959110296E-4
2.45369225519094E-4
2.943871302631703E-4
2.0581575764317127E-4
1.6455673886946575E-4
2.0576104013577393E-4
1.6788751434010764E-4
2.3806482606362976E-4
2.2302137932025699E-4
1.5881535459869248E-4
2.1596490647692162E-4
2.2395517031554934E-4
1.6171498112717105E-4
2.531463489812555E-4
1.626041144280213E-4
1.9072736888054337E-4
1.6815586741528458E-4
1.8103641559951962E-4
