0.0031349197063356756
0.004034030175402716
0.004137178146194151
0.005570141925006701
0.0027234742870523416
0.008941020415550982
0.002899324511727316
0.003168586345470753
0.007573035552215863
0.009459666276979292
0.00584377506954419
0.003234505476713727
0.00624535016554885
0.0035349047797386
0.007221101989452891
0.006742781232741965
0.0031357470774926667
0.006388221918230937
0.00705984783439651
0.0037315037853178313
0.008049400584129666
0.004179739019700175
0.004559667666057856
0.0034251356880205626
0.004965035673352698
