0.008983483383549151
0.011957090976631335
0.012021119758672039
0.016037290228640977
0.007959308693418099
0.024567120807222786
0.008463697240362333
0.009284733983870974
0.021053254134660304
0.02599545806467296
0.016699348030229988
0.00948638517167999
0.01770007609093216
0.010062814410879084
0.020233545711376477
0.018921503366634118
0.009066266401468681
0.01793745544145553
0.019882283574473525
0.010782422683150328
0.02253600376434106
0.011982987199982031
0.01338231654740285
0.009883775246164794
0.014421480035290646
