0.014727942274402772
0.014213401712991902
0.014467701151674284
0.015322828398568134
0.015153776884099635
0.010762146697631397
0.010217666402190018
0.011452998086256216
0.020775842609674522
0.014197272645220194
0.010021933181325687
0.013552176551666073
0.013241185844336312
0.016254822272472658
0.12359502312879649
0.01214144418571031
0.011729110537285342
0.022622475916874468
0.010904522058360983
0.014450842995707175
0.018671106469447904
0.01773913959161144
0.009695187061841193
0.011576592973289682
0.01709096398271276
