0.0025364293805952625
0.0027327312937973185
1.8637659511603938E-4
5.094297519275377E-5
6.589046939494802E-4
1.4055570527349743E-4
0.0035446197252064025
2.26377386789374E-4
0.0037626895429015133
6.711889666673913E-4
0.002666587214595406
2.3931363543386192E-4
4.8046550552906134E-4
0.0035493740340600322
0.013059977502535795
1.9944843493293216E-4
0.0027029241366515427
0.0010814535270848675
8.044183534508549E-5
8.983577824134767E-4
3.490148802270539E-4
5.604614102585722E-4
9.934498561088675E-5
1.9112786221693525E-4
6.001578241820267E-4
