1.754242073313903E-4
1.592161791988775E-4
1.6781611137436583E-4
1.6544759868667442E-4
2.463761023160919E-4
1.5555069169261154E-4
1.5092665518506577E-4
1.7076606333963091E-4
2.0639149821960156E-4
2.1591704505617967E-4
1.5993574109562675E-4
1.7435154705626075E-4
2.086697634911706E-4
2.504564372081948E-4
0.0027682921219488984
1.6641826152922223E-4
1.6270964589854562E-4
3.542439428377717E-4
1.5222081676139338E-4
1.9606860319039998E-4
1.9274775388769172E-4
2.2285652658014926E-4
1.7178505213613545E-4
1.6652555923598174E-4
2.3666502713965028E-4
