0.0025265578078389334
0.0030521932505560016
0.0035943446841810874
0.002716805891658575
0.007505912140982779
0.003373150096152462
0.0027709776439224358
0.004139288554489124
0.005280723646361927
0.00561663071676484
0.003653917592315954
0.004239482092815776
0.0057954809731052956
0.007851264339184552
0.05670354674056073
0.003893463318477578
0.0037303638092892884
0.011677389293415295
0.0027354174449509337
0.005608900174983454
0.00453693294122279
0.006015708225638208
0.0027659527213187707
0.003947471804826615
0.007416691474027966
