0.0069472444629639085
0.008935727850286512
0.010496494852345162
0.008181189152376422
0.02064589907336911
0.009703241800600892
0.007988308474205397
0.011958204914746862
0.014933042379604244
0.015831610243988825
0.010314188033029636
0.012025172972419007
0.01643291979018957
0.02154967297591337
0.13629564319213738
0.011088837968924459
0.010729599280310032
0.03148324166558003
0.00788883588073519
0.0159795786885637
0.01319885505973628
0.017033782913633777
0.007894056827612683
0.011227884620125694
0.020831675262319105
