1.8610796529024563E-4
1.389882033781044E-4
1.8890606088333074E-4
1.2268064456474887E-5
1.911800391543038E-5
2.2596262721707415E-5
2.6806648712202275E-6
3.8606955935162004E-5
4.7469322579537E-5
1.4824258726130264E-4
1.3109633058686396E-4
1.9328647926959285E-4
1.0942972180564383E-4
2.0404543031009363E-4
9.84936169004586E-5
1.7171413677667654E-5
1.5028351757788528E-4
1.4311264307272903E-4
1.7749849930517327E-4
1.2866274806989247E-4
2.9684045217141018E-5
1.6359732269466073E-4
3.310710602003874E-5
1.6518884347948597E-4
3.950724049928296E-5
