0.001196954250249701
6.252269970778937E-4
7.728049364022853E-4
0.013220378556810162
0.01183074022135683
0.01288815682580382
0.012476658858938082
0.01309118244418201
0.011478281030226755
1.0729759427602647E-4
5.368478341183188E-4
0.0010004693799586792
0.0017819191474661956
8.613688362277477E-4
0.003770646988959444
0.012207075226070408
1.1678330307314496E-4
8.5779256835322E-4
8.893431263115229E-4
1.086983610534176E-4
0.011674450741626142
2.910472541686765E-4
0.012931088715514972
6.52262691012612E-4
0.01249283527333024
