0.023226612474125566
0.00809913177894286
0.007615394787556406
0.3848320014372869
0.35467920489810634
0.37863465337693775
0.36996806676933797
0.3828353504339519
0.34556891173205284
0.0031569765720724985
0.005267680790573541
0.011157618738153676
0.021086873667064004
0.015725383129628172
0.09267805653176568
0.3638384070045143
0.0036468088202906493
0.011751110704446352
0.01143681277680045
0.0033190677461331568
0.35079351338493414
0.004815553701098483
0.37956497948771495
0.006451826803138427
0.37048913889435986
