0.014138575624119243
0.013200304135305596
0.013595400350649767
0.016974605427823808
0.013738830257769785
0.01768046376265675
0.015887376557901733
0.012516863607291998
0.01274362472898627
0.015540808511970594
0.012944425323957023
0.014106683197918357
0.018284179396114153
0.017639118420680666
0.01469546960079715
0.012844267922564878
0.014043519365665835
0.017400223231421985
0.017014150145257367
0.015128667225582926
0.014510924388260626
0.013933336174905567
0.015828417325366606
0.013510710715244068
0.017760053267722342
