5.770216243426999E-4
2.479860483091696E-4
3.4099330804623657E-4
6.581008488271913E-4
5.157965505938972E-4
5.543945402677755E-4
3.780182580653006E-4
3.782469370342329E-4
3.0509412684831994E-4
4.940947423864666E-4
4.5577545967508674E-4
4.5477815953333297E-4
4.6697179049033465E-4
3.6749503480621685E-4
2.92681582430827E-4
3.44513987806373E-4
3.874527356974922E-4
5.671741992042401E-4
4.8407624940897856E-4
4.7572150098551866E-4
3.8611008457496585E-4
4.084838195191177E-4
3.530481076562628E-4
2.6525660343487115E-4
3.0044070547902504E-4
