2.3239750128204627E-4
1.7437581242264765E-4
1.9122901113626436E-4
2.615429587964246E-4
2.239949257755494E-4
2.3510846395361396E-4
2.0366646296297874E-4
1.9502460857508084E-4
1.892062125050174E-4
2.216339624218846E-4
2.0531781368027287E-4
2.094885311586342E-4
2.1078362521878823E-4
2.096042332564429E-4
1.7791997975594544E-4
1.91235911214897E-4
1.9363326562721932E-4
2.3581657099716518E-4
2.1560046089137705E-4
2.1545154544611942E-4
1.9832683470478337E-4
2.0062502751663197E-4
1.892528996967715E-4
1.7338177931639095E-4
1.9400277193068864E-4
