0.007294125649686772
0.004600077000069552
0.00542823477356644
0.008292748274303475
0.006883434844316162
0.007258427399869173
0.005818881712994826
0.00577231543398112
0.005259252732590694
0.006684253657027126
0.006232635908234559
0.006329237261544163
0.006411533951181035
0.005856455530768705
0.004889153532006225
0.005443378346337474
0.005670838758214896
0.007274150442904929
0.006625746068061043
0.006469161346145537
0.0057990680273654035
0.00598195854063136
0.005414269565152402
0.004687860255486762
0.005104211972192178
