0.03302710874990067
0.021175321835724792
0.024811503316847228
0.037326956142112344
0.031178995327871606
0.032765790805701966
0.026863357144211508
0.02667750661124524
0.024297769534346814
0.030400162058101365
0.028792427254033637
0.029219515706338517
0.02914213152809586
0.02725586150709658
0.023075786463417236
0.025389956332895314
0.026231070045005467
0.03275432093047215
0.030189396890202613
0.029600798424606167
0.026712376854851283
0.027434698735862906
0.025160437640981304
0.021991604997191883
0.02349063410573704
