0.012411367664992623
0.009389255807883634
0.18734429303838784
0.007988935011233322
0.016757578079770963
0.17826412166715236
0.007447965622300323
0.0075173829017852745
0.009586070143683956
0.008674437948894262
0.007370399242248362
0.0070472431459166485
0.011547827509143904
0.007036216322733657
0.18769363873170564
0.17762469844713186
0.1863710410100492
0.18753343381542215
0.1866850306338998
0.008400859121765334
0.1860819130479192
0.006831077238642069
0.18599904474207418
0.00973429492713318
0.0061517525187569505
