3.891694395482894E-4
8.97487405640288E-5
0.004545088943247789
8.764966873051325E-5
6.677944304307142E-4
6.863767073573807E-5
7.102720145774417E-5
1.6488350267782856E-4
1.2083584240393226E-4
9.010592092293381E-5
9.155064340265856E-5
7.406458189251585E-5
1.021246051559139E-4
8.13040118639428E-5
0.00442060488129755
6.666720151166238E-5
0.00557494621058462
0.0038539447437970853
0.00501684117037905
1.7511748684552252E-4
0.005339262037313847
9.011231633462697E-5
0.0055546945776576715
6.038381311802248E-5
9.136270432994805E-5
