1.005382109953823E-4
7.675935446497894E-5
0.0016413179940344392
8.146578345746674E-5
1.3330213368900536E-4
0.0018262156773969785
8.17537559058361E-5
7.949277197790501E-5
8.080865159906037E-5
8.266793507358359E-5
7.876668961799983E-5
8.265986882438342E-5
8.268162932789269E-5
7.818507216389061E-5
0.0016355653761456652
0.0018161257028999971
0.0016509628764139071
0.0016372361352642451
0.0016481480843359016
8.090800196846043E-5
0.0016530307202078118
7.9211545919269E-5
0.0016514840451846786
8.231428865739295E-5
7.830159111273143E-5
