0.003866257561256714
0.0018394299279570036
0.019631932465049014
0.001892064507347612
0.0055960165289225625
0.017623959406969474
0.0016094058057825192
0.0022983065736941607
0.002111685593275998
0.0018776650541557692
0.0019165389393086157
0.001751701132289746
0.001982058876830812
0.0017959553259204262
0.019976648846559395
0.017285153608863155
0.022568067707128776
0.019369101726287197
0.022996497098788145
0.0024117783460715176
0.02296899268583561
0.0018561101520721069
0.02283712447174726
0.001629976114138632
0.001786748036000518
