0.021356287782892447
0.006520459831927394
0.08497863716641119
0.006449986499147742
0.030092562036044712
0.012197060696736983
0.004527580388066776
0.009627699470074358
0.00942782901490713
0.006035814626094149
0.0072132548304579824
0.005988052291940771
0.0067347859551822875
0.005930832312234013
0.08661544010988342
0.010643376720002151
0.08965234955375778
0.08390448330514655
0.09217900769156595
0.010040832135251754
0.09133829074558686
0.006785500558798452
0.09080407743935859
0.005078247491788979
0.006041834547083291
