0.18181818181818188
0.1818181818181817
0.1818181818181817
0.1818181818181817
0.14285714285714285
0.22727272727272715
0.18181818181818182
0.25599999999999995
0.14285714285714285
0.18181818181818188
0.22727272727272715
0.14285714285714285
0.22727272727272715
0.14285714285714285
0.22727272727272715
0.09090909090909079
0.22727272727272715
0.14285714285714285
0.14285714285714285
0.1818181818181817
0.14399999999999996
0.13636363636363624
0.2272727272727273
0.1818181818181817
0.13636363636363624
0.14285714285714285
0.1818181818181817
0.27272727272727265
0.14285714285714285
0.1818181818181817
