0.0430677216784659
0.04877020683488526
0.04861486366554052
0.05939207353974741
0.04523747301711734
0.05083552058911337
0.04281719956804417
0.05923762505333799
0.05698012957279554
0.05290419282279287
0.09096735008014964
0.042291789545709446
0.06914986352748731
0.04427096091256408
0.05542318703906967
0.02249510088509117
0.05330694961653535
0.06660867790565542
0.09516419710493965
0.037882438336776666
0.0437716881238292
0.04266397962324859
0.06760738209892131
0.06436026620535441
0.07552746013162957
0.041800536397217224
0.12045607492264507
0.04398931815946121
0.041967433000117224
0.06620395624048758
