0.09220582629567871
0.11751460707423653
0.11641951936162331
0.08574561069287001
0.08956522899219133
0.1062472667161481
0.09445455318088075
0.10461673704133828
0.0867014840173136
0.09139801647460451
0.08679747759374372
0.11256386619577892
0.08732111537186188
0.043884622714299715
0.15202948006154618
0.07806347213166971
0.1258346295971321
0.05149001216771464
0.11832390607228294
0.15009953328396947
0.07439424959880166
0.0848162711595201
0.09284571945707096
0.09920631383748793
0.11451677649761696
0.09170849159516041
0.1165011431259691
0.11165729270943611
0.09877870035482436
0.08627691274782737
