0.19650529934116268
0.1623603551990832
0.2284159266685759
0.22807218562016573
0.16986536808937236
0.23953022056717266
0.1493554855342305
0.27487825837868773
0.19089086221712948
0.17599541678602093
0.20206244629046077
0.15978229733600646
0.26771698653680853
0.06118590661701495
0.2187338871383555
0.08971641363506122
0.22847321684331112
0.16367802921798869
0.20584359782297312
0.2049842452019477
0.17977656831853295
0.15588656545402413
0.20744772271555412
0.16820395302205637
0.13743912918934398
0.18309939845316514
0.22348897164136317
0.2729303924376968
0.15605843597822933
0.1903179604697791
