0.6188689773744417
0.5441928795309015
0.8320824974192566
0.5073290078901498
0.7115186263209675
0.7291645229536216
0.5531749803328642
0.5194700259609975
0.5954124066951744
0.9412134161976693
0.8395988080419252
0.4499587223996718
0.672441780397521
0.5744737030493
0.669441795166484
0.586056838763156
0.5311243677414955
0.6633801822923276
0.7963910119894538
0.7006518831933765
0.621465245864842
0.5280454754265774
0.6127251284036775
0.6979514294944524
0.6684999115952345
0.6068546183142264
0.8005583474168679
0.7638768029516296
0.46385194861187756
0.7055338901354302
